15
3 5 2 		0 -0.5 0 	0 1 0		0 100 -45 45 -10 10
5 1 2 		0 -0.5 0 	0 2.6 0		0 0 0 0 0 0
0.7 1 1 	0 -0.5 0  	0 0.6 0		0 0 -75 75 0 0
2 2 2		0 -0.5 0	0 0.6 0		-45 45 0 0 0 0
4.5 1 1		0.5 0 0 	-2.6 0 0 	-180 90 -50 120 -80 90
3.3 0.8 0.8	0.5 0 0		-2.1 0 0 	0 0 0 110 0 0
4.5 1 1		-0.5 0 0 	2.6 0 0 	-180 90 -120 50 -90 80
3.3 0.8 0.8	-0.5 0 0	2.1 0 0 	0 0 -110 0 0 0
4 2 2		0 0 0 		0 0 0		-10000 10000 -10000 10000 -10000 10000
1.5 5 1.5	0 0.5 0		-1.7 -1 0	-140 100 -10 10 -60 10
1.5 5 1.5	0 0.5 0		1.7 -1 0	-140 100 -10 10 -10 60
1 4 1		0 0.5 0		0 -2.6 0	0 130 0 0 0 0
1 4 1		0 0.5 0		0 -2.6 0	0 130 0 0 0 0
1.2 0.7 1.7	0 0.5 -0.5	0 -2 0		-45 45 -45 45 -15 15
1.2 0.7 1.7	0 0.5 -0.5	0 -2 0		-45 45 -45 45 -15 15
1 2
2 5
5 6
2 7
7 8
2 3
3 4
9 1
9 10
9 11
10 12
11 13
12 14
13 15
